  14  253    4  243   12  251    6  245   10  249    8  247   16  255    2  241
   3  244   13  254    5  246   11  252    7  248    9  250    1  242   15  256
 238   29  228   19  236   27  230   21  234   25  232   23  240   31  226   17
 227   20  237   30  229   22  235   28  231   24  233   26  225   18  239   32
 221   46  211   36  219   44  213   38  217   42  215   40  223   48  209   34
 212   35  222   45  214   37  220   43  216   39  218   41  210   33  224   47
  61  206   51  196   59  204   53  198   57  202   55  200   63  208   49  194
  52  195   62  205   54  197   60  203   56  199   58  201   50  193   64  207
  78  189   68  179   76  187   70  181   74  185   72  183   80  191   66  177
  67  180   77  190   69  182   75  188   71  184   73  186   65  178   79  192
 174   93  164   83  172   91  166   85  170   89  168   87  176   95  162   81
 163   84  173   94  165   86  171   92  167   88  169   90  161   82  175   96
 157  110  147  100  155  108  149  102  153  106  151  104  159  112  145   98
 148   99  158  109  150  101  156  107  152  103  154  105  146   97  160  111
 125  142  115  132  123  140  117  134  121  138  119  136  127  144  113  130
 116  131  126  141  118  133  124  139  120  135  122  137  114  129  128  143
